2022.03 0
0 260 265 380 325 326 327 307 332 302 321 270 201 150 0
0 29 63 243 269 218 159 68 100 40 0
0 45 54 115 116 70 231 290 289 277 226 167 107 46 0
0 41 102 162 223 283 249 189 287 228 168 108 0
0 164 344 350 409 410 411 370 416 310 351 291 111 0
0 21 81 91 151 210 261 242 182 122 0
0 60 77 19 6 84 202 253 181 193 142 73 0
0 65 232 177 59 71 135 134 233 180 0
0 32 152 211 212 271 330 381 362 388 333 328 273 268 213 208 0
0 50 110 230 349 404 364 304 284 229 224 37 0
0 123 276 281 336 396 341 342 282 222 221 156 101 96 36 0
0 15 76 131 195 254 353 293 194 120 72 17 12 0
0 48 397 346 288 348 369 309 343 129 163 103 0
0 44 109 169 244 337 286 227 69 9 43 0
0 166 217 184 347 406 407 408 403 402 401 363 0
0 97 157 106 47 42 161 216 183 149 98 89 3 0
0 1 25 26 27 7 86 140 61 13 0
0 4 64 124 104 49 53 420 0
0 51 170 171 130 190 295 294 285 234 225 174 105 0
0 132 192 252 258 318 259 246 264 186 199 198 0
0 160 280 340 308 395 368 400 399 398 338 329 278 158 0
0 237 292 412 357 358 417 418 419 371 376 375 374 372 257 0
0 113 173 240 300 360 413 314 255 74 14 0
0 147 207 391 392 367 387 386 385 361 313 262 133 0
0 137 197 312 317 377 378 319 379 366 384 306 324 204 0
0 188 394 335 248 339 389 303 209 38 0
0 20 80 121 145 146 67 92 141 90 31 30 0
0 85 205 206 266 267 247 187 127 87 0
0 18 78 138 139 126 144 66 79 24 23 0
0 118 238 239 299 251 359 311 316 315 256 179 0
0 75 136 196 191 298 352 297 178 119 11 16 0
0 39 99 219 279 220 128 214 154 153 93 88 0
0 5 55 56 10 114 165 125 117 58 0
0 22 82 241 320 272 331 390 393 334 275 274 215 155 95 0
0 200 301 373 322 382 383 323 263 203 143 83 0
0 57 112 172 245 305 365 405 354 235 176 0
0 28 33 34 35 8 94 148 62 2 0
0 175 236 296 355 250 356 415 414 345 185 52 0
0 0
0 0
0 0